graph={
    1:[[2,3],[394,150]],
    2:[[5],[251]],
    3:[[4],[113]],
    4:[[5],[358]],
    5:[[6],[357]],
    6:[[7,8],[248,145]],
    7:[[10],[252]],
    8:[[9],[110]],
    9:[[12],[299]],
    10:[[11],[200]],
    11:[[16],[396]],
   12 :[[13],[113]],
    13:[[14],[142]],
    14:[[15,24,27],[80,760,170]],
    15:[[16],[192]],
    17:[[18,28],[179,159]],
    18:[[19],[118]],
    19:[[20],[143]],
    20:[[21],[428]],
    21:[[22],[97]],
    22:[[23],[96]],
    23:[[24],[172]],
    24:[[25],[150]],
    25:[[26,33],[106,244]],
    26:[[27],[627]],
    27:[[35],[286]],
    28:[[29,37],[36,259]],
    29:[[30],[68]],
     30:[[31,38],[322,260]],
    31:[[59],[87]],
    32:[[33,59],[105,251]],
    33:[[34],[78]],
    34:[[35,43],[806,114]],
    35:[[36],[59]],
    36:[[53],[135]],
    37:[[38],[109]],
    38:[[39,40],[383,20]],
    39:[[41],[49]],
    41:[[42,46],[231,112]],
    42:[[44],[143]],
    43:[[44],[117]],
    44:[[47],[148]],
    45:[[46],[387]],
     46:[[47],[378]],
    47:[[48,58],[239,278]],
    48:[[49],[297]],
    49:[[50],[201]],
    50:[[51],[102]],
    51:[[52,54],[72,209]],
    52:[[53],[69]],
    54:[[55],[156]],
    55 :[[56],[234]],
    56:[[57],[738]],
    57:[[58],[194]],

}