each_wait_list
array([[ 85.5 ,  16.3 ],
       [ 99.3 ,  16.92],
       [119.53,  22.5 ],
       [110.  ,  19.22],
       [110.  ,  17.2 ],
       [107.89,  21.81],
       [112.59,  19.45],
       [113.22,  16.63],
       [115.  ,  17.88],
       [121.51,  22.48],
       [103.83,  20.82],
       [111.98,  20.84],
       [ 99.14,  20.62],
       [ 94.86,  20.49],
       [ 94.56,  20.59],
       [113.72,  18.25],
       [109.3 ,  21.56],
       [128.49,  18.37],
       [111.43,  22.95],
       [ 99.9 ,  21.06],
       [109.9 ,  22.78],
       [105.04,  17.88],
       [126.07,  21.29],
       [102.57,  18.67],
       [111.29,  22.61]])
	   
wait_list_num
[0,
 1,
 2,
 3,
 4,
 5,
 6,
 7,
 8,
 9,
 10,
 11,
 12,
 13,
 14,
 15,
 16,
 17,
 18,
 19,
 20,
 21,
 22,
 23,
 24]
 
 
 
 best_each_brake
{'best_use_rate': 0.7251727941176471,
 'brake_boat': {0: [(99.3, 0), (85.5, 16.3)],
                1: [(0, 0), (99.3, 16.92)],
                7: [(0, 16.92), (113.22, 16.63)],
                14: [(184.8, 0), (94.56, 20.59)]}}
				
############################

each_wait_list
array([[119.53,  22.5 ],
       [110.  ,  19.22],
       [110.  ,  17.2 ],
       [107.89,  21.81],
       [112.59,  19.45],
       [115.  ,  17.88],
       [121.51,  22.48],
       [103.83,  20.82],
       [111.98,  20.84],
       [ 99.14,  20.62],
       [ 94.86,  20.49],
       [113.72,  18.25],
       [109.3 ,  21.56],
       [128.49,  18.37],
       [111.43,  22.95],
       [ 99.9 ,  21.06],
       [109.9 ,  22.78],
       [105.04,  17.88],
       [126.07,  21.29],
       [102.57,  18.67],
       [111.29,  22.61]])

[2, 3, 4, 5, 6, 8, 9, 10, 11, 12, 13, 15, 16, 17, 18, 19, 20, 21, 22, 23, 24]

best_each_brake
{'best_use_rate': 0.5694296008403362,
 'brake_boat': {2: [(0, 0), (119.53, 22.5)], 9: [(119.53, 0), (121.51, 22.48)]}}
 
 
 ###前面两次运行之后，到下面删除的地方就不得行（报错了，调试时）
 
 
 
 wait_list=np.array([[85.5, 16.3], [99.3, 16.92], [119.53, 22.5], [110.0, 19.22], [110.0, 17.2], [107.89, 21.81], [112.59, 19.45], [113.22, 16.63], [115.0, 17.88], [121.51, 22.48], [103.83, 20.82], [111.98, 20.84], [99.14, 20.62], [94.86, 20.49], [94.56, 20.59], [113.72, 18.25], [109.3, 21.56], [128.49, 18.37], [111.43, 22.95], [99.9, 21.06], [109.9, 22.78], [105.04, 17.88], [126.07, 21.29], [102.57, 18.67], [111.29, 22.61]])
   
 
 {0: array([85.5, 16.3]),
 1: array([99.3 , 16.92]),
 2: array([119.53,  22.5 ]),
 3: array([110.  ,  19.22]),
 4: array([110. ,  17.2]),
 5: array([107.89,  21.81]),
 6: array([112.59,  19.45]),
 7: array([113.22,  16.63]),
 8: array([115.  ,  17.88]),
 9: array([121.51,  22.48]),
 10: array([103.83,  20.82]),
 11: array([111.98,  20.84]),
 12: array([99.14, 20.62]),
 13: array([94.86, 20.49]),
 14: array([94.56, 20.59]),
 15: array([113.72,  18.25]),
 16: array([109.3 ,  21.56]),
 17: array([128.49,  18.37]),
 18: array([111.43,  22.95]),
 19: array([99.9 , 21.06]),
 20: array([109.9 ,  22.78]),
 21: array([105.04,  17.88]),
 22: array([126.07,  21.29]),
 23: array([102.57,  18.67]),
 24: array([111.29,  22.61])}
 
 
 all_brake_boat {
	0: {
		'brake_boat': {
			14: [(0, 0), (94.56, 20.59)],
			1: [(94.56, 0), (99.3, 16.92)],
			7: [(94.56, 16.92), (113.22, 16.63)],
			0: [(193.86, 0), (85.5, 16.3)]
		},
		'best_use_rate': 0.7251727941176471
	},
	1: {
		'brake_boat': {
			2: [(0, 0), (119.53, 22.5)],
			9: [(119.53, 0), (121.51, 22.48)]
		},
		'best_use_rate': 0.5694296008403362
	},
	2: {
		'brake_boat': {
			3: [(0, 0), (119.53, 22.5)],
			10: [(119.53, 0), (121.51, 22.48)]
		},
		'best_use_rate': 0.5694296008403362
	}
}